<svg
  width="100%"
  height="100%"
  viewBox="0 0 1136 1533"
  fill="none"
  xmlns="http://www.w3.org/2000/svg"
  preserveAspectRatio="xMidYMid meet"
      >
      <g>
    <path
      fill-rule="evenodd"
      clip-rule="evenodd"
      d="M882.555 866.831C868.674 801.069 819.445 750.039 753.237 724.618C740.511 717.42 728.174 686.534 711.071 680.878C708.329 679.971 712.657 687.187 711.071 687.618C705.414 689.155 699.076 689.316 692.831 683.765C681.669 673.844 678.168 644.861 671.381 631.762C635.59 562.676 546.228 589.707 534.256 666.08C525.908 671.521 514.108 676.314 505.021 680.698C495.664 685.213 487.434 696.148 477.791 700.058C469.188 703.546 455.012 701.075 446.342 704.116C406.468 718.103 372.696 735.752 346.219 771.512C340.64 779.054 334.351 788.326 329.274 795.945C303.1 826.076 284.92 859.848 268.176 896.081C221.33 1002.43 208.588 1120.19 197.156 1234.77C197.416 1254.82 184.112 1310.41 203.789 1320.03C202.613 1321.25 203.039 1323.69 205.221 1323.67C255.114 1323.17 304.891 1327.63 354.01 1336.32C377.709 1340.5 401.281 1346.25 425.421 1347.19C475.532 1346.85 525.463 1338.45 575.508 1346.4C635.67 1346.4 708.786 1344.64 775.715 1342.07C838.268 1339.67 901.155 1345.1 962.933 1334.46C967.823 1333.68 970.211 1327.72 969.186 1323.45C961.938 1297.04 958.38 1269.85 954.313 1242.82C955.123 1225.49 953.674 1207.39 947.26 1191.24C930.502 1082.22 909.013 973.912 882.555 866.831Z"
      fill="black"
    />
    <path
      fill-rule="evenodd"
      clip-rule="evenodd"
      d="M711.071 688.018C712.657 687.587 708.329 680.371 711.071 681.278C728.174 686.934 740.511 717.82 753.237 725.018C819.445 750.439 868.674 801.469 882.555 867.231C909.013 974.312 930.502 1082.62 947.26 1191.64C953.674 1207.79 955.123 1225.89 954.313 1243.22L954.951 1247.49C958.765 1273.11 962.319 1298.83 969.186 1323.85C970.211 1328.12 967.823 1334.08 962.933 1334.86C901.857 1345.38 839.697 1340.19 777.848 1342.39L764.957 1342.87C701.023 1345.22 632.461 1346.8 575.508 1346.8C525.463 1338.85 475.532 1347.25 425.421 1347.59C401.281 1346.65 377.709 1340.9 354.01 1336.72C304.891 1328.03 255.114 1323.57 205.221 1324.07C203.039 1324.09 202.613 1321.65 203.789 1320.43C184.112 1310.81 197.416 1255.22 197.156 1235.17L198.189 1224.85C209.383 1113.53 222.735 999.641 268.176 896.481L269.537 893.548C285.908 858.425 303.807 825.661 329.274 796.345L330.831 794.013C335.602 786.889 341.198 778.699 346.219 771.912C372.696 736.152 406.468 718.503 446.342 704.516C455.012 701.475 469.188 703.946 477.791 700.458C486.81 696.801 494.593 686.999 503.218 682.051L503.218 718.952L628.02 841.89L698.803 733.354L706.001 688.902C707.736 688.793 709.432 688.463 711.071 688.018Z"
      fill="black"
    />
    <path
      fill-rule="evenodd"
      clip-rule="evenodd"
      d="M862.368 1010.13C861.048 1016.54 859.198 1022.95 856.738 1029.02C854.368 1034.88 850.798 1040.13 848.339 1045.92C848.009 1046.7 847.469 1047.29 846.818 1047.74L847.02 1049.31V1049.31L847.208 1050.89C848.434 1061.52 849.814 1072.12 851.008 1082.74L851.589 1088.06C853.938 1110.25 857.648 1132.33 860.528 1154.46C863.348 1176.13 866.219 1197.8 869.288 1219.44C872.458 1241.75 875.688 1264.03 879.458 1286.25C881.049 1295.63 882.71 1305.01 884.441 1314.38L885.778 1321.55C899.538 1324.86 903.298 1344.04 889.288 1351.12C882.929 1354.32 874.759 1353.55 869.518 1348.52C864.071 1343.28 863.845 1333.83 862.581 1326.73L861.364 1320.13C852.252 1270.53 844.345 1220.35 840.648 1170.05C839.698 1157.06 838.898 1144.06 838.378 1131.05C837.883 1118.81 838.12 1106.57 837.931 1094.34L837.868 1091C837.579 1077.95 837.818 1064.92 838.158 1051.87C838.198 1050.28 838.268 1048.69 838.348 1047.09C837.889 1046.55 837.558 1045.91 837.419 1045.29L837.238 1044.47C836.788 1042.36 837.298 1039.89 838.919 1038.38C839.618 1029.49 840.538 1020.61 840.788 1011.73C840.808 1011 841.858 1011.02 841.919 1011.73C842.509 1019.29 843.688 1026.87 844.868 1034.44C852.458 1028.34 858.068 1018.28 861.378 1009.86C861.618 1009.25 862.509 1009.47 862.368 1010.13ZM682.787 656.707C684.047 662.467 686.537 667.638 689.877 672.448C691.468 674.748 693.277 676.888 695.447 678.678C697.308 680.207 699.428 681.207 701.407 682.538C704.287 682.087 707.297 683.178 709.317 685.297L708.998 682.198C708.897 681.198 710.558 680.998 710.748 681.967C719.497 726.089 727.476 770.239 734.383 814.68L737.41 834.306L740.259 852.73C744.988 883.432 749.563 914.121 753.008 945.047C757.598 986.318 761.457 1027.7 764.277 1069.14C767.107 1110.87 768.848 1152.63 770.088 1194.44C770.397 1204.98 770.728 1215.51 771.047 1226.05L773.183 1213.45C775.315 1200.84 777.406 1188.23 779.197 1175.57C785.627 1130.26 790.768 1084.63 793.277 1038.93C795.578 997.108 794.808 954.458 784.168 913.717C781.487 903.467 778.207 893.377 774.248 883.547C770.407 873.988 765.168 865.127 761.037 855.708C756.237 844.748 754.797 834.408 757.268 822.608C759.428 812.328 763.218 802.658 763.897 792.078C765.168 772.438 758.777 753.417 749.748 736.228C747.367 731.698 744.857 727.228 742.237 722.797C734.308 709.408 725.367 696.507 716.088 684.138C715.588 683.478 716.647 682.748 717.188 683.288C725.647 691.648 734.897 699.868 742.508 708.998C746.207 713.438 749.817 717.967 753.237 722.618C790.758 728.888 822.998 752.257 845.037 783.118C870.047 818.138 882.697 860.288 892.058 901.797C902.468 947.928 911.248 994.478 920.598 1040.84C930.277 1088.81 939.907 1136.78 949.647 1184.74C954.487 1208.55 959.328 1232.36 964.157 1256.18C966.607 1268.24 969.178 1280.27 971.867 1292.29C973.248 1298.45 974.728 1304.6 976.008 1310.78C977.447 1317.75 976.107 1322.21 971.388 1327.33C969.647 1329.23 966.897 1329.2 964.737 1328.19L964.062 1327.87L963.409 1327.56C960.737 1326.24 958.641 1324.88 956.978 1321.96C955.147 1318.75 954.857 1315.19 954.228 1311.62C953.067 1305.05 951.918 1298.48 950.758 1291.9C949.025 1282.06 947.141 1272.25 945.222 1262.44L935.599 1213.41C933.032 1200.34 930.462 1187.27 927.877 1174.21C918.647 1127.49 909.407 1080.78 900.168 1034.07C891.297 989.217 883.447 944.058 873.348 899.467L872.774 896.955L872.19 894.446C863.16 856.006 850.542 818.822 827.647 786.248C810.027 761.198 785.558 738.828 756.737 727.507C758.768 730.428 760.718 733.408 762.578 736.448C774.258 755.528 782.787 778.178 780.787 800.898C779.808 811.998 775.588 822.908 775.987 834.098C776.357 844.038 782.508 852.768 786.758 861.417C796.407 881.018 803.388 901.848 807.888 923.217C816.918 966.127 816.888 1010.28 813.777 1053.84C810.397 1101.19 803.978 1148.53 796.668 1195.42C792.918 1219.47 787.928 1243.32 784.107 1267.33C782.218 1279.17 779.647 1290.98 777.397 1302.76L776.325 1308.39C775.725 1311.51 775.102 1314.62 774.382 1317.7L773.938 1319.55V1319.88C773.918 1322.15 773.297 1324.03 772.297 1325.53C770.928 1329.92 769.228 1334.2 766.968 1338.31C765.808 1340.41 764.127 1341.59 762.297 1342.02C760.457 1346.23 756.287 1349.47 751.308 1349.45L685.817 1349.2C647.777 1349.05 609.737 1348.8 571.697 1348.59C562.098 1348.54 552.508 1348.36 542.918 1348.11C533.928 1347.86 525.308 1346.78 516.418 1345.66C506.377 1344.4 500.938 1337.29 502.438 1327.26C502.768 1325.05 503.127 1322.85 503.468 1320.65C501.468 1321.31 499.088 1321 497.478 1319.43L495.969 1317.95C493.877 1315.88 492.005 1313.85 490.678 1311.09C489.308 1308.25 488.197 1305.25 486.987 1302.35C484.377 1296.11 481.838 1289.85 479.367 1283.56C474.418 1270.98 469.468 1258.35 464.867 1245.64C455.758 1220.47 447.697 1194.92 440.688 1169.08C428.188 1122.98 419.147 1075.99 413.447 1028.58L412.085 1017.28L411.688 1013.94C409.527 995.565 407.708 976.904 408.567 958.568C409.098 947.087 410.877 935.518 415.168 924.797C419.127 914.908 425.237 906.448 431.047 897.608L431.712 896.588L432.381 895.542C437.462 887.513 441.505 879.119 441.707 869.368C441.913 859.473 439.03 849.843 435.807 840.579L435.003 838.295L434.464 836.782C427.607 817.637 419.804 798.762 422.377 777.928C426.178 747.248 444.777 722.518 468.178 703.448C447.367 707.568 426.768 715.707 408.588 726.028C387.117 738.228 367.787 754.328 351.117 772.498C319.617 806.837 297.127 848.038 278.718 890.578C259.447 935.098 245.157 981.748 234.388 1029.01C223.558 1076.54 216.308 1124.83 211.357 1173.31C208.888 1197.44 206.947 1221.63 205.338 1245.83C204.518 1258.23 203.898 1270.65 202.938 1283.03C201.978 1295.4 201.547 1307.96 198.527 1320C197.117 1325.61 187.607 1326.18 186.588 1320C184.327 1306.2 184.959 1291.92 185.59 1277.95L185.647 1276.68C186.268 1262.76 187.078 1248.85 188.037 1234.94C189.998 1206.51 192.617 1178.12 196.037 1149.82C208.027 1050.48 230.138 951.658 273.508 860.978C293.928 818.268 320.138 776.768 356.598 745.928C373.957 731.257 393.527 719.547 414.617 711.068C433.478 703.478 452.638 699.888 472.678 699.898C482.728 692.198 493.518 685.488 504.297 679.757C504.947 679.408 505.627 680.248 505.088 680.788C504.808 681.058 504.537 681.337 504.258 681.598C505.478 681.678 506.737 682.248 507.867 683.438C511.828 687.587 515.168 692.778 518.157 698.167C522.707 703.848 527.047 709.717 531.588 715.337C538.857 724.337 546.297 733.207 553.828 742.007C566.476 756.796 579.535 771.306 593.153 785.232L595.428 787.547C602.487 794.698 609.638 803.257 617.987 808.917L618.433 809.214C621.956 811.508 624.453 811.925 627.457 808.498C630.188 805.378 632.461 801.758 634.798 798.318L635.338 797.528C647.268 780.198 658.328 762.228 668.338 743.728C672.901 735.309 677.241 726.768 681.36 718.132L682.588 715.538C684.828 710.778 687.258 706.108 689.107 701.207C689.537 700.058 689.957 698.908 690.367 697.768C684.067 693.638 679.188 684.698 677.418 677.698C675.578 670.428 676.508 662.967 679.787 656.318C680.407 655.068 682.487 655.377 682.787 656.707ZM371.999 952.137C371.127 979.778 370.598 1007.45 369.297 1035.07L368.848 1044.5C370.877 1046.76 372.067 1049.37 371.117 1052.95C370.748 1054.32 369.657 1055.56 368.297 1056.02L367.873 1064.79C365.944 1104.23 363.681 1143.59 359.547 1182.94C354.377 1232.18 348.397 1281.34 342.428 1330.49C341.578 1337.45 336.737 1342.97 329.207 1341.95C321.588 1340.92 318.498 1334.29 319.498 1327.38C323.428 1300.27 327.207 1273.14 330.518 1245.94L334.288 1214.95C339.016 1176.21 343.854 1137.48 349.428 1098.87C351.758 1082.73 354.178 1066.6 356.607 1050.47L355.758 1049.37C352.287 1044.86 348.697 1040.45 345.147 1036.01C338.328 1027.45 331.598 1018.96 325.348 1010C325.037 1009.55 325.668 1008.89 326.117 1009.23C334.877 1015.7 343.168 1022.62 351.508 1029.65L358.808 1035.83C363.008 1007.96 367.168 980.077 370.877 952.137C370.968 951.438 372.018 951.387 371.999 952.137ZM498.008 687.618C492.737 692.587 487.348 697.448 482.037 702.388L480.092 704.206L478.156 706.033C468.822 714.884 459.88 724.097 452.428 734.678C438.748 754.108 430.598 777.797 436.287 801.518C441.008 821.167 451.838 838.978 454.748 859.118C456.207 869.208 455.498 879.348 451.697 888.877C447.817 898.598 441.617 906.928 436.047 915.698C423.947 934.758 422.297 955.678 423.498 977.758C424.758 1000.82 427.407 1023.89 430.678 1046.74C437.297 1093.04 447.277 1138.86 460.487 1183.73C467.098 1206.2 474.907 1228.19 482.678 1250.27C486.547 1261.26 491.058 1271.99 495.707 1282.67C498.157 1288.29 500.668 1293.88 503.218 1299.46C502.277 1291.58 502.277 1283.49 501.817 1275.66C501.157 1264.44 500.317 1253.24 499.547 1242.03C497.978 1219.28 496.578 1196.51 495.328 1173.74C490.898 1092.54 487.638 1011.27 487.877 929.938C487.998 889.268 488.828 848.598 490.578 807.967C491.399 788.834 492.987 769.719 494.423 750.612L494.728 746.518C495.998 729.368 497.518 712.178 500.127 695.178C499.355 693.435 498.684 691.67 498.187 689.859L498.008 689.178L498.138 689.198C498.018 688.667 497.978 688.138 498.008 687.618ZM543.589 617.738C543.698 617.268 544.368 617.308 544.488 617.738C547.458 627.738 546.408 638.738 543.849 648.798C542.469 654.248 540.509 659.538 538.139 664.638L537.309 666.423C535.279 670.766 532.992 675.241 529.038 677.948C527.389 679.078 524.438 679.148 522.788 677.948L521.946 677.309C521.808 677.201 521.671 677.091 521.538 676.978C519.999 675.688 519.238 672.838 519.948 670.958C521.778 666.108 525.929 662.548 528.798 658.228C531.339 654.388 533.589 650.338 535.458 646.128C539.488 637.018 541.298 627.348 543.589 617.738Z"
      fill="black"
    />
  </g>
      <path
      fill-rule="evenodd"
      clip-rule="evenodd"
      d="M566.983 262.672C718.233 255.218 786.486 361.936 790.901 409.602C793.965 442.69 774.457 480.827 774.457 510.393C774.457 525.485 792.896 557.886 784.312 579.882C765.206 628.841 724.751 683.176 673.2 683.176C621.649 683.176 554.558 697.463 497.596 615.731C492.251 608.062 424.651 564.476 418.083 523.06C401.724 419.895 459.06 267.991 566.983 262.672Z"
      fill="white"
    />
    <path
      fill-rule="evenodd"
      clip-rule="evenodd"
      d="M559.853 196.257C565.261 190.057 574.392 187.577 582.505 188.057C594.29 188.757 604.539 196.047 616.264 196.587C628.557 197.157 640.422 192.887 652.746 194.867C660.3 196.087 667.784 199.597 672.624 205.517C689.389 200.707 707.59 207.077 718.268 220.987C731.44 218.937 745.769 227.678 749.801 240.397C766.536 240.937 782.332 254.407 784.198 271.287C790.885 273.057 796.692 277.678 800.254 283.787C804.396 290.867 805.084 298.987 804.336 306.967C812.209 310.997 816.211 319.657 817.258 328.817C824.453 334.197 827.576 343.867 826.11 352.997C831.618 356.107 834.463 363.347 834.432 369.807C834.402 375.837 832.806 381.178 835.052 386.997C837.052 392.18 837.77 396.499 836.67 401.928L836.558 402.457C836.363 403.342 836.199 404.191 836.053 405.028C837.542 406.338 838.803 407.98 839.749 409.89C843.199 416.87 842.686 424.831 840.054 431.91C841.207 436.418 841.06 441.18 839.357 445.513C842.547 450.118 844.224 455.766 843.731 461.626C843.179 468.187 840.189 474.062 835.655 478.406C836.863 487.368 833.227 497.051 826.651 503.361C827.584 508.726 826.779 514.349 823.85 519.435C821.763 523.06 818.953 525.76 815.711 527.642C815.817 530.635 815.413 533.696 814.419 536.763C813.039 541.019 810.702 544.94 807.627 548.098C809.462 559.856 802.437 572.903 790.072 576.202C789.033 576.479 788.042 576.606 787.093 576.626C785.865 587.935 783.182 599.087 779.029 609.678C768.471 636.647 749.272 660.227 724.235 674.937C711.851 682.207 697.941 687.187 683.741 689.267C673.522 690.767 663.693 690.397 653.436 689.377C640.562 688.087 627.629 686.157 615.116 682.837L613.103 682.301C607.915 680.908 602.446 679.301 597.952 676.497C592.923 673.357 590.309 668.517 589.152 662.817C588.506 659.645 590.511 656.233 593.977 656.167L594.2 656.167C594.958 656.183 595.71 656.154 596.472 656.106L597.045 656.067H597.074C597.114 656.057 597.135 656.057 597.174 656.057C597.513 656.007 597.842 655.907 598.172 655.857C601.984 655.214 605.319 655.852 608.899 657.045L609.348 657.197C615.375 659.277 621.352 661.207 627.579 662.637C634.016 664.107 640.532 665.277 647.068 666.197L647.717 666.277L647.916 666.307L648.016 666.317V666.317C648.036 666.317 648.056 666.317 648.076 666.327L650.002 666.567V666.567C651.52 666.747 653.036 666.907 654.552 667.067C657.346 667.347 660.141 667.567 662.935 667.727C711.163 670.447 751.667 632.397 763.891 586.777C768.322 570.267 768.611 553.797 767.304 537.317C766.885 536.117 766.635 534.787 766.645 533.327C766.645 532.567 766.686 531.817 766.735 531.057C765.11 515.117 762.286 499.167 760.518 483.167C758.454 464.477 757.305 445.678 757.724 426.867C757.934 417.577 758.922 408.377 760.219 399.178L760.688 395.873V395.873C754.825 394.726 749.375 391.94 745.035 387.907C735.617 393.357 723.428 393.84 714.131 388.085C703.713 394.632 689.158 395.226 678.667 388.825C672.327 393.361 664.338 395.318 656.495 393.596C652.968 392.822 649.46 391.147 646.456 388.828C644.312 389.207 642.14 389.354 639.979 389.241L639.533 389.491V389.491C634.554 392.121 629.037 393.852 623.36 393.659C619.157 393.517 614.827 392.686 610.819 391.114C606.537 393.704 601.851 395.472 596.837 396.106C589.516 397.031 581.615 395.408 575.525 391.246C564.398 397.598 550.711 398.576 538.7 394.308C536.24 398.483 532.837 402.083 528.851 404.858C529.565 407.42 529.792 410.152 529.547 412.779C529.143 417.103 528.062 420.98 526.292 424.462C528.158 428.35 528.718 433.124 527.675 437.916C526.187 444.75 522.219 450.695 517.082 455.325C516.629 466.231 510.661 476.457 500.947 482.138C500.455 482.425 499.966 482.659 499.478 482.87C499.049 483.458 498.536 483.975 497.95 484.411C491.773 490.13 481.998 489.675 474.256 486.444C474.106 486.451 473.957 486.464 473.805 486.467C471.04 486.537 469.155 485.457 468.037 483.867C466.91 483.928 465.791 484.047 464.665 484.257C460.552 485.027 456.042 486.507 452.32 488.428C442.66 493.407 438.19 502.207 436.853 512.787C435.397 524.327 438.709 536.087 447.621 543.897C451.951 547.697 457.489 550.077 463.117 551.077C469.334 552.187 475.98 549.457 480.57 554.807C481.488 555.867 482.117 557.347 481.618 558.777C480.061 563.237 477.497 564.947 473.485 565.567C479.283 572.457 485.23 579.117 491.816 585.307C498.941 592.017 506.306 598.517 512.733 605.917C519.528 613.747 525.665 622.047 529.926 631.547C532.361 637.007 534.317 642.637 536.423 648.227L536.799 649.201C539.148 655.14 542.272 660.865 538.657 667.067C537.22 669.507 533.967 671.867 530.974 671.477C522.542 670.397 519.718 664.687 517.123 657.247C515.167 651.627 513.67 645.847 511.566 640.277C511.171 639.246 510.742 638.225 510.292 637.21C505.431 638.568 500.085 637.49 495.746 634.712C491.11 636.771 485.974 637.798 481.013 637.711C474.371 637.594 468.303 635.745 463.086 632.41C462.671 632.3 462.254 632.194 461.84 632.075C453.904 635.121 444.609 634.577 437.423 629.64C432.77 626.443 429.589 622.176 427.781 617.425C421.768 617.31 415.821 615.174 411.513 610.9C407.558 606.976 405.245 601.913 404.559 596.652C399.384 595.625 394.532 593.118 390.727 588.895C387.55 585.368 385.619 580.876 384.966 576.212C378.664 574.41 372.98 570.286 369.875 564.536C366.986 559.183 366.569 553.376 367.982 548.094L367.616 547.566V547.566C361.124 544.161 356.169 538.587 355.66 530.625C355.517 528.358 355.76 526.09 356.374 523.944C356.152 521.545 356.294 519.147 356.922 516.827C348.19 508.317 345.027 494.647 349.767 483.347C341.235 474.147 338.98 459.597 345.236 448.678C340.945 443.477 338.74 436.847 339.109 429.767C339.568 420.928 343.61 413.207 348.449 406.057C344.857 402.077 342.941 396.527 343.082 391.167C343.28 383.397 347.402 376.707 352.562 371.167C348.06 357.487 353.09 342.647 364.136 333.987C361.901 330.297 361.073 325.727 361.802 321.097C363.079 313.007 369.136 307.497 375.672 303.137C374.305 298.678 374.664 293.867 376.839 289.257C379.743 283.107 385.222 279.207 390.94 275.907C392.417 262.267 407.624 250.617 420.377 257.657C417.214 247.507 426.326 236.547 436.804 235.387C441.932 219.807 459.624 209.987 475.531 213.857C483.664 202.717 498.802 198.428 511.654 203.207C525.786 192.357 543.317 190.747 559.853 196.257ZM459.195 502.168C469.124 501.628 476.569 509.748 481.799 517.178C486.707 524.148 474.114 531.508 470.442 523.828C469.124 521.088 467.628 518.188 465.622 515.788C465.285 516.26 464.987 516.75 464.691 517.252L464.394 517.758C464.175 518.128 463.945 518.508 463.756 518.898C463.776 518.968 463.476 519.888 463.466 519.928C462.648 522.418 460.862 524.018 458.428 524.878C455.284 525.978 452.31 523.608 451.302 520.828C449.696 516.388 453.428 512.518 457.309 510.758C453.497 510.138 449.745 511.438 446.991 514.378C446.613 514.788 445.973 514.458 445.954 513.948C445.634 506.978 452.909 502.508 459.195 502.168Z"
      fill="black"
    />
        <g id="face/cyclops">
    <path
      fill-rule="evenodd"
      clip-rule="evenodd"
      d="M734.139 553.83C734.381 553.072 735.434 553.074 735.676 553.83C737.874 560.681 739.165 567.39 742.447 573.832C743.258 574.667 743.839 575.718 744.15 576.853C745.683 579.4 747.391 581.818 749.302 584.107C751.706 586.987 753.455 589.692 752.181 593.623C751.553 595.56 749.931 596.799 747.887 596.892C742.275 597.146 739.078 591.794 737.093 586.214C723.205 590.826 707.913 593.437 693.357 592.29C681.525 591.356 668.636 588.392 658.042 582.35C658.105 584.632 658.192 586.916 658.272 589.201C658.42 593.427 659.557 598.052 659.117 602.202C658.681 606.32 656.343 609.506 652.106 610.144C648.459 610.692 643.945 608.257 643.234 604.351C642.41 599.817 643.936 596.65 645.191 592.37C646.3 588.588 647.17 584.724 648.126 580.901C649.09 577.041 649.879 573.148 650.594 569.237C651.118 566.374 650.74 563.148 651.754 560.451C651.834 560.24 652.04 560.089 652.273 560.156C657.668 561.706 657.974 570.392 657.952 575.053L657.951 575.283C657.943 576.233 657.952 577.183 657.962 578.132L660.023 578.583C671.34 581.031 682.332 582.892 694.231 582.217C708.189 581.426 720.463 576.323 733.709 572.826C732.609 566.535 732.271 559.672 734.139 553.83ZM687.461 429.861C693.655 427.74 700.351 426.738 706.865 427.059C720.827 427.749 734.128 434.117 743.282 444.728C751.925 454.745 756.622 467.308 756.561 480.562C756.495 494.177 752.919 509.509 746.185 521.427C732.036 546.468 698.988 546.642 675.238 536.658C649.893 526.004 639.581 499.135 645.686 473.158C650.276 453.622 665.933 430.181 687.461 429.861ZM728.753 449.201C721.275 443.198 711.858 440.501 702.343 441.183C697.616 441.522 692.813 442.763 688.522 444.78C686.241 445.852 684.202 447.349 681.956 448.465C679.954 449.458 677.786 450.038 675.72 450.875L674.95 451.202C671.557 452.718 668.14 450.549 667.97 447.388C660.589 457.744 657.088 471.787 657.145 484.245C657.187 493.419 659.372 502.949 664.638 510.587C670.491 519.076 680.202 523.554 689.942 525.932C699.27 528.209 709.441 528.999 718.791 526.412C728.496 523.728 734.765 516.363 738.333 507.182C746.073 487.267 746.712 463.618 728.753 449.201ZM695.427 473.896C699.662 468.115 707.259 467.808 711.441 473.896C714.073 477.728 713.686 481.42 713.477 485.83L713.437 486.821C713.313 490.312 713.329 493.986 712.022 497.212C710.343 501.353 707.08 504.006 702.458 503.457C699.737 503.132 697.458 501.508 696.136 499.268L696.09 499.294V499.294C694.236 495.592 693.758 491.837 693.445 487.797L693.229 484.834C692.967 480.939 692.953 477.273 695.427 473.896Z"
      fill="black"
    />
  </g>
      <path
      fill-rule="evenodd"
      clip-rule="evenodd"
      d="M704.56 656.064C704.56 656.064 660.17 662.586 640.3 653.368C620.49 644.178 601.22 635.286 583.25 623.113C564.84 610.642 549.22 595.832 538.07 576.875C527.7 559.237 519.08 540.52 510.4 521.948C509.893 520.863 504.91 510.073 503.15 506.455C500.44 500.845 492.52 502.606 492.52 511.315C492.52 520.024 492.13 585.975 507.35 611.918C521.08 635.35 544.35 651.722 567.47 666.012C593.05 681.813 627.03 698.893 657.55 703.406C685.17 707.487 716.69 696.026 736.69 677.136C757.6 657.38 763.52 630.541 774.31 604.839C776.72 599.094 768.176 595.629 765.67 601.279C760.951 611.918 704.56 656.064 704.56 656.064Z"
      fill="black"
    />
      
      </svg>